   1.0000000000000000        3.9121376727926496E-002  -1.7480526134316433E-002   1.0732659721901752E-002  -6.3855645433271616E-002  -3.9869042184650171E-002   8.9709618424040625E-004   4.9048615821396968E-002   4.5433428214129788E-002  -4.4758484396495213E-002   3.9121376727926496E-002  0.97527876905797595        7.3915492901551152E-002 -0.15798844864763548       -6.7684568887119351E-002 -0.14058813262905395        3.2111633363586745E-002  0.13087863185230561        4.4549911753120021E-003  -1.9865442179313582E-002  -1.7480526134316433E-002   7.3915492901551152E-002  0.79414381811078871       -1.2781955727911415E-002 -0.40056600086479272       -2.3208048241857716E-002   7.1137733846220403E-004   3.4302738051848962E-002  0.18749001527388590       -2.8581082108493708E-002   1.0732659721901752E-002 -0.15798844864763548       -1.2781955727911415E-002  0.46060701555191258        1.0543426136329075E-002 -0.40133269619173206       -6.6418757265071984E-003  0.20039459691170594        2.8747684820745805E-003  -6.0827761503256502E-003  -6.3855645433271616E-002  -6.7684568887119351E-002 -0.40056600086479272        1.0543426136329075E-002  0.35880372331488408        2.3752063528006781E-002 -0.22704908077839980       -3.4427879860566661E-002  0.11190548101219129        2.9394103536012302E-002  -3.9869042184650171E-002 -0.14058813262905395       -2.3208048241857716E-002 -0.40133269619173206        2.3752063528006781E-002  0.46904677684768425       -8.7758618641579529E-003 -0.30633598049907346       -6.6831516200766463E-003  0.10274912016602883        8.9709618424040625E-004   3.2111633363586745E-002   7.1137733846220403E-004  -6.6418757265071984E-003 -0.22704908077839980       -8.7758618641579529E-003  0.34543258394198334        1.4232157423834801E-002 -0.33004012591893245       -1.3698023759502345E-002   4.9048615821396968E-002  0.13087863185230561        3.4302738051848962E-002  0.20039459691170594       -3.4427879860566661E-002 -0.30633598049907346        1.4232157423834801E-002  0.27621683950029785        5.8701142002836430E-003 -0.19487841000823938        4.5433428214129788E-002   4.4549911753120021E-003  0.18749001527388590        2.8747684820745805E-003  0.11190548101219129       -6.6831516200766463E-003 -0.33004012591893245        5.8701142002836430E-003  0.37824134853678115       -1.2070989417898126E-003  -4.4758484396495213E-002  -1.9865442179313582E-002  -2.8581082108493708E-002  -6.0827761503256502E-003   2.9394103536012302E-002  0.10274912016602883       -1.3698023759502345E-002 -0.19487841000823938       -1.2070989417898126E-003  0.24532277057003668     
